10	22
0	1	384
0	3	925
0	7	504
1	0	384
1	3	412
1	6	953
1	7	257
2	5	742
3	0	925
3	1	412
3	5	408
3	6	883
3	7	45
3	9	718
4	5	204
4	6	803
4	9	928
5	2	742
5	3	408
5	4	204
5	6	328
5	7	677
5	8	714
6	1	953
6	3	883
6	4	803
6	5	328
6	7	672
6	8	526
7	0	504
7	1	257
7	3	45
7	5	677
7	6	672
7	8	644
7	9	545
8	5	714
8	6	526
8	7	644
8	9	514
9	3	718
9	4	928
9	7	545
9	8	514
